# Results generated from QD3D 1.6
# Running in Mac OS 9.2.2 (Classic) on Mac OS X 10.2.1


Q3GetVersion
    1.6
Q3GetReleaseVersion
    0x1608000

=== Vector and Point Creation ===
Q3Vector2D_Set
    (1,2)
Q3Vector3D_Set
    (1,2,3)
Q3Point2D_Set
    (1,2)
Q3Param2D_Set
    (1,2)
Q3RationalPoint3D_Set
    (1,2,3)
Q3Point3D_Set
    (1,2,3)
Q3RationalPoint4D_Set
    (1,2,3,4)
Q3PolarPoint_Set
    (1,2)
Q3SphericalPoint_Set
    (1,2,3)

=== Vector and Point Dimension Conversion ===
Q3Vector2D_To3D
    (1,2,1)
Q3Vector2D_ToRationalPoint3D
    *** Unresolved Symbol ***
Q3Vector3D_To2D
    (0.333333,0.666667)
Q3RationalPoint3D_ToVector2D
    *** Unresolved Symbol ***
Q3Vector3D_ToRationalPoint4D
    *** Unresolved Symbol ***
Q3RationalPoint4D_ToVector3D
    *** Unresolved Symbol ***
Q3Point2D_To3D
    (1,2,1)
Q3RationalPoint3D_To2D
    (1,2)
Q3Point3D_To4D
    (1,2,3,1)
Q3RationalPoint4D_To3D
    (1,2,3)

=== Point Conversion Between Cartesian and Polar/Spherical ===
Q3Point2D_ToPolar
    (5,0.927295)
    (5,2.2143)
    (5,4.06889)
    (5,5.35589)
    (0,0)
    (1.68587e-07,0.785398)
Q3PolarPoint_ToPoint2D
    (3,4)
Q3Point3D_ToSpherical
    (25,0.927295,0.643501)
    (25,2.2143,0.643501)
    (25,4.06889,0.643501)
    (25,5.35589,0.643501)
    (25,0.927295,2.49809)
    (25,2.2143,2.49809)
    (25,4.06889,2.49809)
    (25,5.35589,2.49809)
    (1,0,0)
    (0,0,0)
    (2.06477e-07,0.785398,0.955317)
Q3SphericalPoint_ToPoint3D
    (9,12,20)

=== Dot Product ===
Q3Vector2D_Dot
    47
Q3Vector3D_Dot
    112

=== Cross Product ===
Q3Vector2D_Cross
    -1
Q3Point2D_CrossProductTri
    *** Unresolved Symbol ***
Q3Vector3D_Cross
    (16,-9,-1)
    Same Parameter
    (16,-9,-1)
    (16,-9,-1)
Q3Point3D_CrossProductTri
    (16,-9,-1)

=== Vector Length ===
Q3Vector2D_Length
    5
Q3Vector2D_LengthSquared
    *** Unresolved Symbol ***
Q3Vector3D_Length
    25
Q3Vector3D_LengthSquared
    *** Unresolved Symbol ***

=== Point Distance ===
Q3Point2D_Distance
    5
Q3Point2D_DistanceSquared
    25
Q3Param2D_Distance
    5
Q3Param2D_DistanceSquared
    25
Q3RationalPoint3D_Distance
    61.2372
Q3RationalPoint3D_DistanceSquared
    3750
Q3Point3D_Distance
    13
Q3Point3D_DistanceSquared
    169
Q3RationalPoint4D_Distance
    148.24
Q3RationalPoint4D_DistanceSquared
    21975

=== Vector Negation ===
Q3Vector2D_Negate
    (-1,-2)
    Same Parameter
    (-1,-2)
Q3Vector3D_Negate
    (-1,-2,-3)
    Same Parameter
    (-1,-2,-3)

=== Vector Scale ===
Q3Vector2D_Scale
    (10,20)
    Same Parameter
    (10,20)
Q3Vector3D_Scale
    (10,20,30)
    Same Parameter
    (10,20,30)

=== Vector Normalize ===
Q3Vector2D_Normalize
    (0.6,0.8)
    Same Parameter
    (0.6,0.8)
Q3Vector3D_Normalize
    (0.36,0.48,0.8)
    Same Parameter
    (0.36,0.48,0.8)

=== Vector/Vector Addition and Subtraction ===
Q3Vector2D_Add
    (1.1,2.2)
    Same Parameter
    (1.1,2.2)
    (1.1,2.2)
Q3Vector3D_Add
    (1.1,2.2,3.3)
    Same Parameter
    (1.1,2.2,3.3)
    (1.1,2.2,3.3)
Q3Vector2D_Subtract
    (0.9,1.8)
    Same Parameter
    (0.9,1.8)
    (0.9,1.8)
Q3Vector3D_Subtract
    (0.9,1.8,2.7)
    Same Parameter
    (0.9,1.8,2.7)
    (0.9,1.8,2.7)

=== Point/Vector Addition and Subtraction ===
Q3Point2D_Vector2D_Add
    (1.1,2.2)
    Same Parameter
    (1.1,2.2)
Q3Param2D_Vector2D_Add
    (1.1,2.2)
    Same Parameter
    (1.1,2.2)
Q3Point3D_Vector3D_Add
    (1.1,2.2,3.3)
    Same Parameter
    (1.1,2.2,3.3)
Q3Point2D_Vector2D_Subtract
    (0.9,1.8)
    Same Parameter
    (0.9,1.8)
Q3Param2D_Vector2D_Subtract
    (0.9,1.8)
    Same Parameter
    (0.9,1.8)
Q3Point3D_Vector3D_Subtract
    (0.9,1.8,2.7)
    Same Parameter
    (0.9,1.8,2.7)

=== Point Subtraction ===
Q3Point2D_Subtract
    (0.9,1.8)
Q3Param2D_Subtract
    (0.9,1.8)
Q3Point3D_Subtract
    (0.9,1.8,2.7)

=== Point Relative Ratio ===
Q3Point2D_RRatio
    (8,16)
    Same Parameter
    (8,16)
    (8,16)
Q3Param2D_RRatio
    (8,16)
    Same Parameter
    (8,16)
    (8,16)
Q3Point3D_RRatio
    (8,16,24)
    Same Parameter
    (8,16,24)
    (8,16,24)
Q3RationalPoint4D_RRatio
    (78.5,157,235.5,8.5)
    Same Parameter
    (78.5,157,235.5,8.5)
    (78.5,157,235.5,8.5)

=== Point Affine Combinations ===
Q3Point2D_AffineComb
    (432.1,864.2)
    (432.1,864.2)
Q3Param2D_AffineComb
    (432.1,864.2)
    (432.1,864.2)
Q3RationalPoint3D_AffineComb
    (1694.1,3388.2,3)
    (1694.1,3388.2,3)
Q3Point3D_AffineComb
    (432.1,864.2,1296.3)
    (432.1,864.2,1296.3)
Q3RationalPoint4D_AffineComb
    (1694.1,3388.2,5082.3,3)
    (1694.1,3388.2,5082.3,3)

=== Point and Vector Transformation ===
Q3Vector2D_Transform
    (11,13)
    (23,29)
    (91,113)
    Same Parameter
    (91,113)
Q3Vector3D_Transform
    (11,13,17)
    (23,29,31)
    (41,43,47)
    (296,328,362)
    Same Parameter
    (296,328,362)
Q3Point2D_Transform
    (0.8125,0.875)
    (0.820513,0.923077)
    (0.758621,0.896552)
    Same Parameter
    (0.758621,0.896552)
Q3Param2D_Transform
    (0.8125,0.875)
    (0.820513,0.923077)
    (0.758621,0.896552)
    Same Parameter
    (0.758621,0.896552)
Q3RationalPoint3D_Transform
    *** Unresolved Symbol ***
Q3Point3D_Transform
    (0.782609,0.869565,0.956522)
    (0.763636,0.872727,0.927273)
    (0.809524,0.873016,0.936508)
    (0.73306,0.811088,0.889117)
    Same Parameter
    (0.73306,0.811088,0.889117)
Q3RationalPoint4D_Transform
    (11,13,17,19)
    (23,29,31,37)
    (41,43,47,53)
    (61,67,71,73)
    (723,797,859,925)
    Same Parameter
    (723,797,859,925)
Q3Vector2D_To2DTransformArray
    *** Unresolved Symbol ***
Q3Vector3D_To3DTransformArray
    *** Unresolved Symbol ***
Q3Point2D_To2DTransformArray
    *** Unresolved Symbol ***
Q3RationalPoint3D_To3DTransformArray
    *** Unresolved Symbol ***
Q3Point3D_To3DTransformArray
    (0.782609,0.869565,0.956522)
    (0.763636,0.872727,0.927273)
    (0.809524,0.873016,0.936508)
    (0.73306,0.811088,0.889117)
    Same Parameter
    (0.782609,0.869565,0.956522)
    (0.763636,0.872727,0.927273)
    (0.809524,0.873016,0.936508)
    (0.73306,0.811088,0.889117)
Q3Point3D_To4DTransformArray
    (72,80,88,92)
    (84,96,102,110)
    (102,110,118,126)
    (357,395,433,487)
Q3RationalPoint4D_To4DTransformArray
    (11,13,17,19)
    (23,29,31,37)
    (41,43,47,53)
    (61,67,71,73)
    (723,797,859,925)
    Same Parameter
    (11,13,17,19)
    (23,29,31,37)
    (41,43,47,53)
    (61,67,71,73)
    (723,797,859,925)

=== Matrix Functions ===
Q3Matrix3x3_SetIdentity
    ((1,0,0),(0,1,0),(0,0,1))
Q3Matrix4x4_SetIdentity
    ((1,0,0,0),(0,1,0,0),(0,0,1,0),(0,0,0,1))
Q3Matrix3x3_SetTranslate
    ((1,0,0),(0,1,0),(1,2,1))
Q3Matrix4x4_SetTranslate
    ((1,0,0,0),(0,1,0,0),(0,0,1,0),(1,2,3,1))
Q3Matrix3x3_SetScale
    ((1,0,0),(0,2,0),(0,0,1))
Q3Matrix4x4_SetScale
    ((1,0,0,0),(0,2,0,0),(0,0,3,0),(0,0,0,1))
Q3Matrix3x3_SetRotate
    *** Unresolved Symbol ***
Q3Matrix4x4_SetRotate_X
    ((1,0,0,0),(0,0.5,0.866025,0),(0,-0.866025,0.5,0),(0,0,0,1))
Q3Matrix4x4_SetRotate_Y
    ((0.5,0,-0.866025,0),(0,1,0,0),(0.866025,0,0.5,0),(0,0,0,1))
Q3Matrix4x4_SetRotate_Z
    ((0.5,0.866025,0,0),(-0.866025,0.5,0,0),(0,0,1,0),(0,0,0,1))
Q3Matrix4x4_SetRotate_XYZ
    ((0.572061,0.572061,-0.587785,0),
    (-0.404559,0.820186,0.404509,0),
    (0.713497,0.00639007,0.700629,0),
    (0,0,0,1))
Q3Matrix3x3_SetRotateAboutPoint
    ((0.5,0.866025,0),(-0.866025,0.5,0),(2.23205,0.133975,1))
Q3Matrix4x4_SetRotateAboutPoint
    ((0.572061,0.572061,-0.587785,0),(-0.404559,0.820186,0.404509,0),(0.713497,0.00639009,0.700629,0),(-0.903434,-0.231603,0.676881,1))
Q3Matrix4x4_SetRotateAboutAxis
    (0.36,0.48,0.8)
    ((0.5648,0.77922,-0.271692,0),
    (-0.60642,0.6152,0.503769,0),
    (0.559692,-0.119769,0.82,0),
    (-0.0310359,0.349687,-0.195846,1))
    (0.36,0.48,0.8)
    ((0.7592,1.73124,-0.255384,0),(-1.04004,0.9608,1.39154,0),(1.40738,0.144462,1.78,0),(-1.90127,-2.08623,-4.86769,1))
Q3Matrix4x4_SetRotateVectorToVector
    normalized
    (0.36,0.48,0.8)
    ((0.7408,0.3456,-0.576,0),(-0.3456,-0.5392,-0.768,0),(-0.576,0.768,-0.28,0),(0,0,0,1))
    (-0.36,0.48,-0.8)
    (-0.36,0.48,-0.8)
    unnormalized
    (1.8,2.4,4)
    ((5.35819,0.6912,-2.89647,0),
    (-0.6912,-1.0784,-1.536,0),
    (-2.89647,1.536,0.22501,0),
    (0,0,0,1))
    (-0.9,1.2,-2)
    (-3.6,4.8,-8)
    parallel
    (0.36,0.48,0.8)
    ((1,0,0,0),(0,1,0,0),(0,0,1,0),(0,0,0,1))
    (0.36,0.48,0.8)
    (0.36,0.48,0.8)
    anti-parallel
    (0.36,0.48,0.8)
    ((0.740999,-0.34535,-0.575584,0),(-0.34535,-0.931495,0.114175,0),(-0.575584,0.114175,-0.809709,0),(0,0,0,1))
    (-0.36,-0.48,-0.8)
    (-0.359475,-0.480104,-0.800173)
    parallel x
    (1,0,0)
    ((1,0,0,0),(0,1,0,0),(0,0,1,0),(0,0,0,1))
    (1,0,0)
    (1,0,0)
    anti-parallel x
    (1,0,0)
    ((-1,0,0,0),(0,0.998543,0,0),(0,0,-1,0),(0,0,0,1))
    (-1,0,0)
    (-1,0,0)
    parallel y
    (0,1,0)
    ((1,0,0,0),(0,1,0,0),(0,0,1,0),(0,0,0,1))
    (0,1,0)
    (0,1,0)
    anti-parallel y
    (0,1,0)
    ((0.998543,0,0,0),(0,-1,0,0),(0,0,-1,0),(0,0,0,1))
    (0,-1,0)
    (0,-1,0)
    parallel z
    (0,0,1)
    ((1,0,0,0),(0,1,0,0),(0,0,1,0),(0,0,0,1))
    (0,0,1)
    (0,0,1)
    anti-parallel z
    (0,0,1)
    ((0.998543,0,0,0),(0,-1,0,0),(0,0,-1,0),(0,0,0,1))
    (0,0,-1)
    (0,0,-1)
    approximately parallel x
    (1,0,0)
    ((1,0,0,0),(0,1,0,0),(0,0,1,0),(0,0,0,1))
    (1.00001,0,0)
    (1,0,0)
    approximately anti-parallel x
    (1,0,0)
    ((-1,0,0,0),(0,0.998543,0,0),(0,0,-1,0),(0,0,0,1))
    (-1.00001,0,0)
    (-1,0,0)
    approximately parallel y
    (0,1,0)
    ((1,0,0,0),(0,1,0,0),(0,0,1,0),(0,0,0,1))
    (0,1.00001,0)
    (0,1,0)
    approximately anti-parallel y
    (0,1,0)
    ((0.998543,0,0,0),(0,-1,0,0),(0,0,-1,0),(0,0,0,1))
    (0,-1.00001,0)
    (0,-1,0)
    approximately parallel z
    (0,0,1)
    ((1,0,0,0),(0,1,0,0),(0,0,1,0),(0,0,0,1))
    (0,0,1.00001)
    (0,0,1)
    approximately anti-parallel z
    (0,0,1)
    ((0.998543,0,0,0),(0,-1,0,0),(0,0,-1,0),(0,0,0,1))
    (0,0,-1.00001)
    (0,0,-1)
Q3Matrix4x4_SetQuaternion
    (0.36,0.48,0.8)
    (0.866025,0.18,0.24,0.4)
    ((0.5648,0.77922,-0.271692,0),(-0.60642,0.6152,0.503769,0),(0.559692,-0.119769,0.82,0),(0,0,0,1))
Q3Matrix3x3_Copy
    ((1.1,1.2,1.3),(2.1,2.2,2.3),(3.1,3.2,3.3))
    Same Parameter
    ((1.1,1.2,1.3),(2.1,2.2,2.3),(3.1,3.2,3.3))
Q3Matrix4x4_Copy
    ((1.1,1.2,1.3,1.4),(2.1,2.2,2.3,2.4),(3.1,3.2,3.3,3.4),(4.1,4.2,4.3,4.4))
    Same Parameter
    ((1.1,1.2,1.3,1.4),(2.1,2.2,2.3,2.4),(3.1,3.2,3.3,3.4),(4.1,4.2,4.3,4.4))
Q3Matrix3x3_Transpose
    ((1.1,2.1,3.1),(1.2,2.2,3.2),(1.3,2.3,3.3))
    Same Parameter
    ((1.1,2.1,3.1),(1.2,2.2,3.2),(1.3,2.3,3.3))
Q3Matrix4x4_Transpose
    ((1.1,2.1,3.1,4.1),(1.2,2.2,3.2,4.2),(1.3,2.3,3.3,4.3),(1.4,2.4,3.4,4.4))
    Same Parameter
    ((1.1,2.1,3.1,4.1),(1.2,2.2,3.2,4.2),(1.3,2.3,3.3,4.3),(1.4,2.4,3.4,4.4))
Q3Matrix3x3_Determinant
    ((2,0,0),(0,3,0),(0,0,1))
    ((0.5,0.866025,0),(-0.866025,0.5,0),(2.23205,0.133975,1))
    ((1,1.73205,0),(-2.59808,1.5,0),(2.23205,0.133975,1))
    6
Q3Matrix4x4_Determinant
    ((2,0,0,0),(0,3,0,0),(0,0,4,0),(0,0,0,1))
    ((0.572061,0.572061,-0.587785,0),(-0.404559,0.820186,0.404509,0),(0.713497,0.00639009,0.700629,0),(-0.903434,-0.231603,0.676881,1))
    ((1.14412,1.14412,-1.17557,0),(-1.21368,2.46056,1.21353,0),(2.85399,0.0255604,2.80252,0),(-0.903434,-0.231603,0.676881,1))
    24
Q3Matrix3x3_Adjoint
    ((2,0,0),(0,3,0),(0,0,1))
    ((0.5,0.866025,0),(-0.866025,0.5,0),(2.23205,0.133975,1))
    ((1,1.73205,0),(-2.59808,1.5,0),(2.23205,0.133975,1))
    ((1.5,-1.73205,0),(2.59808,1,-0),(-3.69615,3.73205,6))
    ((0.25,-0.288675,0),(0.433013,0.166667,-0),(-0.616025,0.622009,1))
    Same Parameter
    ((1.5,-1.73205,-0),
    (2.59808,1.5,-0),
    (-3,4.99519,6.75))
Q3Matrix3x3_Invert
    diagonal
    ((1,0,0),(0,2,0),(0,0,5))
    ((1,-0,-0),(-0,0.5,0),(-0,0,0.2))
    ((1,0,0),(0,1,0),(0,0,1))
    permuted diagonal
    ((0,1,0),(0,0,2),(5,0,0))
    ((-0,-0,0.2),(1,0,-0),(0,0.5,-0))
    ((1,0,0),(0,1,0),(0,0,1))
    singular
    ((1,2,3),(4,5,6),(0,0,0))
>>> kQ3WarningNonInvertibleMatrix
    ((-nan,-nan,7.07408e-39),(7.07408e-39,7.07408e-39,7.07408e-39),(7.46674e-39,7.46674e-39,7.46674e-39))
    ((0,0,0),(0,0,0),(0,0,0))
    singular
    ((1,2,3),(4,5,6),(7,8,9))
    ((-2.7962e+06,5.59241e+06,-2.7962e+06),(5.59241e+06,-1.11848e+07,5.59241e+06),(-2.7962e+06,5.59241e+06,-2.7962e+06))
    ((1,0,-0.5),(1,-4,1),(0,-2,0.5))
    integer
    ((1,2,-1),(2,1,3),(0,-2,3))
    ((9,-4,7),(-6,3,-5),(-4,2,-3))
    ((1,0,0),(9.53674e-07,1,9.53674e-07),(0,0,1))
    ((2,0,0),(0,3,0),(0,0,1))
    ((0.5,0.866025,0),(-0.866025,0.5,0),(2.23205,0.133975,1))
    ((1,1.73205,0),(-2.59808,1.5,0),(2.23205,0.133975,1))
    ((0.25,-0.288675,-0),(0.433013,0.166667,-0),(-0.616025,0.622009,1))
    ((1,-1.25959e-08,0),(-4.17806e-08,1,0),(0,0,1))
    Same Parameter
    ((0.25,-0.288675,-0),(0.433013,0.166667,-0),(-0.616025,0.622009,1))
Q3Matrix4x4_Invert
    diagonal
    ((1,0,0,0),(0,2,0,0),(0,0,5,0),(0,0,0,10))
    ((1,-0,-0,-0),(-0,0.5,0,0),(-0,0,0.2,0),(-0,0,0,0.1))
    ((1,0,0,0),(0,1,0,0),(0,0,1,0),(0,0,0,1))
    permuted diagonal
    ((0,1,0,0),(0,0,2,0),(0,0,0,5),(10,0,0,0))
    ((-0,-0,-0,0.1),(1,0,0,-0),(0,0.5,0,-0),(0,0,0.2,-0))
    ((1,0,0,0),(0,1,0,0),(0,0,1,0),(0,0,0,1))
    singular
    ((1,2,3,4),(4,5,6,7),(7,8,9,10),(1,3,5,7))
    ((-745083,5.38686e+06,-2.84331e+06,-899238),(6.11482e+06,-9.11228e+06,4.43624e+06,-719391),(-9.99439e+06,2.06397e+06,-342567,4.1365e+06),(4.62465e+06,1.66145e+06,-1.25037e+06,-2.51787e+06))
    ((2,0,0,0),(-1.5,0.25,-0.625,-1),(-1,-0.5,-0.75,-2),(2.5,-1.75,0.375,1))
    integer
    ((1,2,-1,0),(2,1,3,0),(0,-2,3,0),(0,0,5,0))
>>> kQ3WarningNonInvertibleMatrix
    ((-nan,-nan,7.07408e-39,7.07408e-39),(7.07408e-39,7.07408e-39,7.46674e-39,7.46674e-39),(7.46674e-39,7.46674e-39,-nan,7.46674e-39),(-nan,-nan,-nan,-nan))
    ((0,0,0,0),(0,0,0,0),(0,0,0,0),(0,0,0,0))
    ((2,0,0,0),(0,3,0,0),(0,0,4,0),(0,0,0,1))
    ((0.572061,0.572061,-0.587785,0),(-0.404559,0.820186,0.404509,0),(0.713497,0.00639009,0.700629,0),(-0.903434,-0.231603,0.676881,1))
    ((1.14412,1.14412,-1.17557,0),(-1.21368,2.46056,1.21353,0),(2.85399,0.0255604,2.80252,0),(-0.903434,-0.231603,0.676881,1))
    ((0.286031,-0.134853,0.178374,-0),(0.286031,0.273395,0.00159752,-0),(-0.293893,0.134836,0.175157,-0),(0.523586,-0.14978,0.0429588,1))
    ((1,1.19021e-08,-6.52817e-09,0),(9.00644e-09,1,1.72836e-08,0),(-1.56479e-08,-8.67698e-09,1,0),(0,0,1.11759e-08,1))
    Same Parameter
    ((0.286031,-0.134853,0.178374,-0),(0.286031,0.273395,0.00159752,-0),(-0.293893,0.134836,0.175157,-0),(0.523586,-0.14978,0.0429588,1))
Q3Matrix3x3_Multiply
    ((0.866025,0.5,0),(-0.5,0.866025,0),(1.13397,-0.232051,1))
    ((0.707107,0.707107,0),(-0.707107,0.707107,0),(1.70711,-0.12132,1))
    ((0.258819,0.965926,0),(-0.965926,0.258819,0),(2.67303,0.516436,1))
    Same Parameter
    ((0.258819,0.965926,0),(-0.965926,0.258819,0),(2.67303,0.516436,1))
    ((0.258819,0.965926,0),(-0.965926,0.258819,0),(2.67303,0.516436,1))
Q3Matrix4x4_Multiply
    ((0.572061,0.572061,-0.587785,0),(-0.404559,0.820186,0.404509,0),(0.713497,0.00639009,0.700629,0),(-0.903434,-0.231603,0.676881,1))
    ((0.700629,0.509037,-0.5,0),(-0.129596,0.779875,0.612372,0),(0.701658,-0.364248,0.612372,0),(-1.54641,1.02396,0.438138,1))
    ((-0.085758,0.951436,-0.29566,0),(-0.105912,0.286365,0.952249,0),(0.99067,0.112977,0.0762107,0),(-1.67443,0.136902,1.16253,1))
    Same Parameter
    ((-0.085758,0.951436,-0.29566,0),(-0.105912,0.286365,0.952249,0),(0.99067,0.112977,0.0762107,0),(-1.67443,0.136902,1.16253,1))
    ((-0.085758,0.951436,-0.29566,0),(-0.105912,0.286365,0.952249,0),(0.99067,0.112977,0.0762107,0),(-1.67443,0.136902,1.16253,1))

=== Quaternion Functions ===
Q3Quaternion_Set
    (1,2,3,4)
Q3Quaternion_SetIdentity
    (1,0,0,0)
Q3Quaternion_SetRotate_X
    (0.866025,0.5,0,0)
Q3Quaternion_SetRotate_Y
    (0.866025,0,0.5,0)
Q3Quaternion_SetRotate_Z
    (0.866025,0,0,0.5)
Q3Quaternion_SetRotate_XYZ
    (0.879329,0.113188,0.369965,0.277661)
Q3Quaternion_SetRotateAboutAxis
    (0.36,0.48,0.8)
    (0.866025,0.18,0.24,0.4)
    (0.36,0.48,0.8)
    (0.866025,0.36,0.48,0.8)
Q3Quaternion_SetRotateVectorToVector
    normalized
    (0.36,0.48,0.8)
    (0.48,-0.8,-0,0.36)
    (-0.36,0.48,-0.8)
    (-0.36,0.48,-0.8)
    unnormalized
    (1.8,2.4,4)
    (-0.116239,-2.27734,-0,1.0248)
    (-0.9,1.2,-2)
    (-10.6296,-17.4817,-23.6213)
    parallel
    (0.36,0.48,0.8)
    (1,-6.19888e-09,1.66893e-09,-1.4782e-09)
    (0.36,0.48,0.8)
    (0.36,0.48,0.8)
    anti-parallel
    (0.36,0.48,0.8)
    (8.24116e-09,-5.1881e-09,-0.857449,0.514469)
    (-0.36,-0.48,-0.8)
    (-0.359963,-0.479951,-0.799918)
    parallel x
    (1,0,0)
    (1,0,-0,0)
    (1,0,0)
    (1,-0,0)
    anti-parallel x
    (1,0,0)
    (0,-0,-0,-0.999636)
    (-1,0,0)
    (-0.999272,-0,-0)
    parallel y
    (0,1,0)
    (1,0,-0,0)
    (0,1,0)
    (-0,1,-0)
    anti-parallel y
    (0,1,0)
    (0,0,0,0.999636)
    (0,-1,0)
    (-0,-0.999272,0)
    parallel z
    (0,0,1)
    (1,0,-0,0)
    (0,0,1)
    (-0,-0,1)
    anti-parallel z
    (0,0,1)
    (0,0,-0.999636,-0)
    (0,0,-1)
    (-0,-0,-0.999272)
    approximately parallel x
    (1,0,0)
    (1.00001,0,-0,0)
    (1.00001,0,0)
    (1.00002,-0,0)
    approximately anti-parallel x
    (1,0,0)
    (1.00001,0,-0,0)
    (-1.00001,0,0)
    (1.00002,-0,0)
    approximately parallel y
    (0,1,0)
    (1.00001,0,-0,0)
    (0,1.00001,0)
    (-0,1.00002,-0)
    approximately anti-parallel y
    (0,1,0)
    (1.00001,0,-0,0)
    (0,-1.00001,0)
    (-0,1.00002,-0)
    approximately parallel z
    (0,0,1)
    (1.00001,0,-0,0)
    (0,0,1.00001)
    (-0,-0,1.00002)
    approximately anti-parallel z
    (0,0,1)
    (1.00001,0,-0,0)
    (0,0,-1.00001)
    (-0,-0,1.00002)
Q3Quaternion_SetMatrix
    ((0.572061,0.572061,-0.587785,0),(-0.404559,0.820186,0.404509,0),(0.713497,0.00639007,0.700629,0),(0,0,0,1))
    (0.879329,0.113188,0.369965,0.277661)
Q3Quaternion_Copy
    (1,2,3,4)
    Same Parameter
    (1,2,3,4)
Q3Quaternion_IsIdentity
    (1,0,0,0)
    kQ3True
    (1,0,0,0)
    kQ3True
    (1,0,0,0)
    kQ3True
    (1.00001,0,0,0)
    kQ3True
    (1.0001,0,0,0)
    kQ3True
    (1.001,0,0,0)
    kQ3True
    (1.01,0,0,0)
    kQ3True
    (1.1,0,0,0)
    kQ3True
    (2,0,0,0)
    kQ3True
    (1,1e-07,0,0)
    kQ3True
    (1,2e-07,0,0)
    kQ3False
    (1,4e-07,0,0)
    kQ3False
    (1,8e-07,0,0)
    kQ3False
    (1,1.6e-06,0,0)
    kQ3False
    (1,0,1e-07,0)
    kQ3True
    (1,0,2e-07,0)
    kQ3False
    (1,0,4e-07,0)
    kQ3False
    (1,0,8e-07,0)
    kQ3False
    (1,0,1.6e-06,0)
    kQ3False
    (1,0,0,1e-07)
    kQ3True
    (1,0,0,2e-07)
    kQ3False
    (1,0,0,4e-07)
    kQ3False
    (1,0,0,8e-07)
    kQ3False
    (1,0,0,1.6e-06)
    kQ3False
    (1,1e-07,1e-07,1e-07)
    kQ3True
    (1,2e-07,2e-07,2e-07)
    kQ3False
    (1,4e-07,4e-07,4e-07)
    kQ3False
    (1,8e-07,8e-07,8e-07)
    kQ3False
    (1,1.6e-06,1.6e-06,1.6e-06)
    kQ3False
Q3Quaternion_Dot
    279
Q3Quaternion_Normalize
    (0.182574,0.365148,0.547723,0.730297)
    Same Parameter
    (0.182574,0.365148,0.547723,0.730297)
Q3Quaternion_Invert
    (1,-2,-3,-4)
    Same Parameter
    (1,-2,-3,-4)
Q3Quaternion_Multiply
    (-235,83,55,129)
    Same Parameter
    (-235,83,55,129)
    (-235,83,55,129)
Q3Quaternion_GetAxisAndAngle
    *** Unresolved Symbol ***
Q3Vector3D_TransformQuaternion
    (0.36,0.48,0.8)
    (0.866025,0.18,0.24,0.4)
    (0.5648,0.77922,-0.271692)
    (-0.60642,0.6152,0.503769)
    (0.559692,-0.119769,0.82)
    Same Parameter
    (1.03104,1.65031,3.19585)
Q3Point3D_TransformQuaternion
    (0.36,0.48,0.8)
    (0.866025,0.18,0.24,0.4)
    (0.5648,0.77922,-0.271692)
    (-0.60642,0.6152,0.503769)
    (0.559692,-0.119769,0.82)
    Same Parameter
    (1.03104,1.65031,3.19585)

=== Bounding Box Functions ===
Q3BoundingBox_Set
    ((-1,-2,-3),(1,2,3),kQ3False)
Q3BoundingBox_SetFromPoints3D
    ((1.1,1.2,1.3),(3.1,3.2,3.3),kQ3False)
Q3BoundingBox_SetFromRationalPoints4D
    ((1.1,1.2,1.3),(3.1,3.2,3.3),kQ3False)
Q3BoundingBox_Copy
    ((-1,-2,-3),(1,2,3),kQ3False)
    Same Parameter
    ((-1,-2,-3),(1,2,3),kQ3False)
Q3BoundingBox_Union
    ((-1.1,-6.1,-2.1),(8.1,3.1,7.1),kQ3False)
    ((0,0,0),(0,0,0),kQ3True)
    ((-7.2,-3.2,-8.2),(2.2,6.2,1.2),kQ3False)
    ((-7.2,-6.1,-8.2),(8.1,6.2,7.1),kQ3False)
    Same Parameter
    ((-7.2,-6.1,-8.2),(8.1,6.2,7.1),kQ3False)
    ((-7.2,-6.1,-8.2),(8.1,6.2,7.1),kQ3False)
Q3BoundingBox_UnionPoint3D
    ((-0.5,2.5,-3.5),(-0.5,2.5,-3.5),kQ3False)
    ((-1,-2,-3.5),(1,2.5,3),kQ3False)
    Same Parameter
    ((-1,-2,-3.5),(1,2.5,3),kQ3False)
Q3BoundingBox_UnionRationalPoint4D
    ((-0.5,2.5,-3.5),(-0.5,2.5,-3.5),kQ3False)
    ((-1,-2,-3.5),(1,2.5,3),kQ3False)
    Same Parameter
    ((-1,-2,-3.5),(1,2.5,3),kQ3False)

=== Bounding Sphere Functions ===
Q3BoundingSphere_Set
    ((1,2,3),4,kQ3False)
Q3BoundingSphere_SetFromPoints3D
    ((0,0,0),1,kQ3False)
Q3BoundingSphere_SetFromRationalPoints4D
    ((0,0,0),1,kQ3False)
Q3BoundingSphere_Copy
    ((1,2,3),4,kQ3False)
    Same Parameter
    ((1,2,3),4,kQ3False)
Q3BoundingSphere_Union
    ((1,2,3),4,kQ3False)
    ((0,0,0),0,kQ3True)
    ((10,14,23),6,kQ3False)
    ((5.86,8.48,13.8),17.5,kQ3False)
    Same Parameter
    ((5.86,8.48,13.8),17.5,kQ3False)
    ((5.86,8.48,13.8),17.5,kQ3False)
Q3BoundingSphere_UnionPoint3D
    ((10,14,23),0,kQ3False)
    ((4.78,7.04,11.4),14.5,kQ3False)
    Same Parameter
    ((4.78,7.04,11.4),14.5,kQ3False)
Q3BoundingSphere_UnionRationalPoint4D
    ((10,14,23),0,kQ3False)
    ((4.78,7.04,11.4),14.5,kQ3False)
    Same Parameter
    ((4.78,7.04,11.4),14.5,kQ3False)
